>> Main
Situation 1
freq1 =

         0
         0
         0
         0
         0
         0
         0
         0
         0
         0
         0
  211.1616
  211.1086
  211.0504
  210.9864
  210.9157
  210.8375
  210.7507
  210.6539
  210.5456
  210.4241
  210.2871
  210.1319
  209.9553
  209.7535
  209.5215
  209.2533
  208.9417
  208.5771
  208.1480
  207.6395
  207.0329
  206.3045
  205.4242
  204.3543
  203.0479
  201.4485
  199.4907
  197.1045
  194.2240
  190.8037
  186.8396
  182.3892
  177.9311
  173.6040
  169.3080
  165.1681
  161.2801
  157.7050
  154.4717
  151.5840
  149.0278
  146.7787
  144.8071
  143.0818
  141.5727
  140.2518
  139.0939
  138.0770
  137.1815
  136.3910
  135.6911
  135.0695
  134.5159
  134.0213
  133.5781
  133.1799
  132.8210
  132.4966
  132.2028
  131.9358
  131.6927
  131.4707
  131.2677
  131.0815
  130.9103
  130.7528
  130.6074
  130.4730
  130.3485
  130.2331
  130.1258
  130.0259
  129.9328
  129.8459
  129.7647
  129.6887
  129.6174
  129.5505
  129.4876
  129.4284
  129.3727
  129.3201
  129.2705
  129.2236
  129.1793
  129.1373
  129.0975
  129.0597
         0
         0


int1 =

         0
         0
         0
         0
         0
         0
         0
         0
         0
         0
         0
   45.8938
   46.2528
   46.6196
   46.9945
   47.3781
   47.7709
   48.1734
   48.5863
   49.0100
   49.4454
   49.8931
   50.3539
   50.8287
   51.3182
   51.8235
   52.3455
   52.8850
   53.4430
   54.0203
   54.6175
   55.2349
   55.8724
   56.5290
   57.2026
   57.8893
   58.5831
   59.2746
   59.9505
   60.5932
   61.1810
   61.6895
   62.0950
   62.3629
   62.5108
   62.5584
   62.5132
   62.3866
   62.1917
   61.9418
   61.6493
   61.3248
   60.9774
   60.6147
   60.2424
   59.8653
   59.4867
   59.1095
   58.7355
   58.3663
   58.0029
   57.6460
   57.2960
   56.9532
   56.6179
   56.2899
   55.9694
   55.6560
   55.3498
   55.0506
   54.7580
   54.4721
   54.1925
   53.9189
   53.6514
   53.3895
   53.1331
   52.8820
   52.6359
   52.3948
   52.1585
   51.9266
   51.6992
   51.4760
   51.2569
   51.0417
   50.8302
   50.6225
   50.4182
   50.2174
   50.0198
   49.8255
   49.6341
   49.4458
   49.2603
   49.0776
   48.8976
   48.7202
   48.5453
         0
         0


freq2 =

         0
         0
         0
         0
         0
         0
         0
         0
         0
  157.7748
  157.6810
  157.5788
  157.4672
  157.3452
  157.2113
  157.0640
  156.9016
  156.7220
  156.5227
  156.3009
  156.0533
  155.7759
  155.4639
  155.1118
  154.7128
  154.2590
  153.7406
  153.1462
  152.4617
  151.6705
  150.7526
  149.6847
  148.4392
  146.9851
  145.2886
  143.3150
  141.0330
  138.4214
  135.4780
  132.2300
  128.7434
  125.1238
  121.5064
  118.0336
  114.8280
  111.9722
  109.5015
  107.4112
  105.6697
  104.2319
  103.0498
  102.0783
  101.2780
  100.6161
  100.0657
   99.6055
   99.2181
   98.8900
   98.6105
   98.3708
   98.1641
   97.9848
   97.8285
   97.6915
   97.5709
   97.4643
   97.3696
   97.2851
   97.2095
   97.1415
   97.0803
   97.0249
   96.9747
   96.9290
   96.8874
   96.8493
   96.8143
   96.7823
   96.7527
   96.7254
   96.7002
   96.6769
   96.6552
   96.6351
   96.6163
   96.5988
   96.5825
   96.5672
   96.5528
   96.5394
   96.5268
   96.5149
   96.5037
         0
         0
         0
         0
         0
         0
         0
         0


int2 =

         0
         0
         0
         0
         0
         0
         0
         0
         0
   48.9691
   49.2689
   49.5754
   49.8889
   50.2096
   50.5381
   50.8747
   51.2198
   51.5739
   51.9375
   52.3110
   52.6951
   53.0901
   53.4968
   53.9157
   54.3472
   54.7921
   55.2506
   55.7232
   56.2101
   56.7112
   57.2260
   57.7536
   58.2922
   58.8387
   59.3889
   59.9361
   60.4713
   60.9822
   61.4531
   61.8651
   62.1974
   62.4297
   62.5456
   62.5363
   62.4025
   62.1543
   61.8090
   61.3870
   60.9091
   60.3937
   59.8561
   59.3079
   58.7579
   58.2123
   57.6752
   57.1494
   56.6365
   56.1375
   55.6528
   55.1822
   54.7257
   54.2829
   53.8532
   53.4362
   53.0313
   52.6379
   52.2554
   51.8834
   51.5212
   51.1685
   50.8246
   50.4893
   50.1619
   49.8423
   49.5299
   49.2244
   48.9255
   48.6329
   48.3463
   48.0654
   47.7900
   47.5197
   47.2545
   46.9941
   46.7382
   46.4867
   46.2394
   45.9962
   45.7569
   45.5212
   45.2892
   45.0607
   44.8354
         0
         0
         0
         0
         0
         0
         0
         0

Situation 2
freq1 =

         0
         0
         0
         0
         0
         0
         0
         0
         0
         0
  201.3012
  200.8104
  200.2962
  199.7574
  199.1929
  198.6017
  197.9827
  197.3348
  196.6571
  195.9484
  195.2079
  194.4348
  193.6284
  192.7880
  191.9133
  191.0040
  190.0601
  189.0819
  188.0699
  187.0249
  185.9482
  184.8413
  183.7060
  182.5447
  181.3601
  180.1551
  178.9333
  177.6982
  176.4539
  175.2045
  173.9543
  172.7078
  171.4694
  170.2434
  169.0338
  167.8448
  166.6799
  165.5424
  164.4353
  163.3611
  162.3218
  161.3192
  160.3543
  159.4281
  158.5410
  157.6931
  156.8841
  156.1136
  155.3808
  154.6848
  154.0245
  153.3988
  152.8062
  152.2454
  151.7151
  151.2138
  150.7400
  150.2924
  149.8696
  149.4701
  149.0928
  148.7364
  148.3996
  148.0813
  147.7804
  147.4959
  147.2267
  146.9721
  146.7309
  146.5026
  146.2862
  146.0811
  145.8866
  145.7020
  145.5267
  145.3603
  145.2021
  145.0517
  144.9085
  144.7723
  144.6426
  144.5189
         0
         0
         0
         0
         0
         0
         0
         0
         0


int1 =

         0
         0
         0
         0
         0
         0
         0
         0
         0
         0
   48.3305
   48.5140
   48.6975
   48.8809
   49.0640
   49.2466
   49.4286
   49.6097
   49.7895
   49.9679
   50.1446
   50.3191
   50.4912
   50.6605
   50.8265
   50.9888
   51.1470
   51.3004
   51.4488
   51.5914
   51.7278
   51.8573
   51.9794
   52.0936
   52.1992
   52.2957
   52.3826
   52.4594
   52.5256
   52.5808
   52.6246
   52.6568
   52.6772
   52.6857
   52.6820
   52.6664
   52.6389
   52.5997
   52.5490
   52.4871
   52.4146
   52.3316
   52.2389
   52.1369
   52.0261
   51.9071
   51.7804
   51.6467
   51.5065
   51.3604
   51.2089
   51.0526
   50.8919
   50.7273
   50.5593
   50.3883
   50.2147
   50.0388
   49.8611
   49.6818
   49.5011
   49.3195
   49.1371
   48.9542
   48.7709
   48.5874
   48.4039
   48.2205
   48.0374
   47.8547
   47.6725
   47.4909
   47.3100
   47.1298
   46.9504
   46.7718
   46.5942
   46.4176
   46.2419
   46.0673
   45.8937
   45.7212
         0
         0
         0
         0
         0
         0
         0
         0
         0


freq2 =

         0
         0
         0
         0
         0
         0
         0
         0
         0
         0
         0
  140.4973
  140.3123
  140.1166
  139.9093
  139.6898
  139.4572
  139.2108
  138.9496
  138.6728
  138.3793
  138.0683
  137.7387
  137.3895
  137.0197
  136.6283
  136.2141
  135.7763
  135.3140
  134.8262
  134.3123
  133.7715
  133.2035
  132.6079
  131.9846
  131.3338
  130.6560
  129.9518
  129.2223
  128.4687
  127.6929
  126.8966
  126.0823
  125.2524
  124.4674
  123.6892
  122.9060
  122.1202
  121.3341
  120.5503
  119.7709
  118.9982
  118.2342
  117.4809
  116.7400
  116.0131
  115.3015
  114.6064
  113.9288
  113.2696
  112.6293
  112.0084
  111.4072
  110.8259
  110.2646
  109.7231
  109.2014
  108.6990
  108.2158
  107.7513
  107.3050
  106.8766
  106.4654
  106.0709
  105.6927
  105.3300
  104.9824
  104.6492
  104.3300
  104.0241
  103.7309
  103.4501
  103.1810
  102.9231
  102.6759
  102.4389
  102.2118
  101.9940
  101.7852
  101.5848
  101.3926
  101.2081
  101.0311
  100.8611
  100.6978
         0
         0
         0
         0
         0
         0


int2 =

         0
         0
         0
         0
         0
         0
         0
         0
         0
         0
         0
   46.0713
   46.3000
   46.5296
   46.7599
   46.9909
   47.2223
   47.4540
   47.6858
   47.9175
   48.1488
   48.3795
   48.6092
   48.8376
   49.0645
   49.2892
   49.5116
   49.7310
   49.9470
   50.1591
   50.3667
   50.5692
   50.7661
   50.9566
   51.1403
   51.3163
   51.4841
   51.6430
   51.7925
   51.9319
   52.0607
   52.1783
   52.2845
   52.3788
   52.4556
   52.5206
   52.5750
   52.6190
   52.6525
   52.6757
   52.6887
   52.6918
   52.6853
   52.6694
   52.6445
   52.6109
   52.5691
   52.5195
   52.4625
   52.3984
   52.3277
   52.2509
   52.1684
   52.0805
   51.9877
   51.8903
   51.7887
   51.6833
   51.5743
   51.4622
   51.3472
   51.2296
   51.1097
   50.9877
   50.8639
   50.7384
   50.6115
   50.4834
   50.3542
   50.2241
   50.0932
   49.9618
   49.8298
   49.6975
   49.5650
   49.4323
   49.2995
   49.1667
   49.0340
   48.9015
   48.7692
   48.6372
   48.5055
   48.3742
   48.2433
         0
         0
         0
         0
         0
         0

Situation 3
freq1 =

         0
         0
         0
         0
         0
         0
         0
         0
         0
         0
  250.9933
  250.5133
  249.9495
  249.2799
  248.4747
  247.4928
  246.2765
  244.7431
  242.7717
  240.1830
  236.7079
  231.9472
  225.3369
  216.1923
  204.0088
  189.1571
  173.4147
  159.6502
  149.6287
  142.0324
  136.3612
  132.1094
  128.8790
  126.3833
  124.4214
  122.8533
  121.5804
  120.5324
  119.6585
  118.9214
  118.2931
  117.7525
  117.2835
  116.8734
  116.5124
  116.1924
  115.9073
  115.6518
  115.4218
  115.2137
  115.0247
  114.8524
  114.6948
  114.5500
  114.4167
  114.2936
  114.1796
  114.0737
  113.9752
  113.8833
  113.7974
  113.7169
  113.6414
  113.5704
  113.5035
  113.4405
  113.3809
  113.3245
  113.2711
  113.2204
  113.1723
  113.1266
  113.0830
  113.0415
  113.0018
  112.9640
  112.9278
  112.8932
  112.8601
  112.8283
  112.7978
  112.7685
  112.7404
  112.7133
  112.6873
  112.6622
  112.6380
  112.6147
  112.5923
  112.5706
  112.5496
  112.5294
  112.5098
  112.4908
  112.4725
  112.4547
  112.4375
  112.4208
  112.4046
  112.3889
  112.3736


int1 =

         0
         0
         0
         0
         0
         0
         0
         0
         0
         0
   48.0881
   48.7886
   49.5229
   50.2952
   51.1101
   51.9731
   52.8905
   53.8692
   54.9169
   56.0402
   57.2436
   58.5235
   59.8580
   61.1878
   62.3920
   63.2873
   63.7020
   63.5806
   63.0739
   62.3838
   61.6078
   60.8060
   60.0113
   59.2406
   58.5015
   57.7966
   57.1259
   56.4881
   55.8813
   55.3034
   54.7522
   54.2255
   53.7216
   53.2386
   52.7748
   52.3288
   51.8993
   51.4851
   51.0850
   50.6981
   50.3234
   49.9602
   49.6078
   49.2654
   48.9324
   48.6083
   48.2926
   47.9847
   47.6843
   47.3909
   47.1042
   46.8238
   46.5494
   46.2807
   46.0175
   45.7595
   45.5064
   45.2580
   45.0141
   44.7746
   44.5392
   44.3078
   44.0802
   43.8562
   43.6357
   43.4186
   43.2048
   42.9941
   42.7864
   42.5816
   42.3796
   42.1804
   41.9837
   41.7896
   41.5979
   41.4086
   41.2216
   41.0368
   40.8541
   40.6735
   40.4950
   40.3184
   40.1437
   39.9709
   39.7999
   39.6306
   39.4630
   39.2971
   39.1327
   38.9700
   38.8088


freq2 =

         0
         0
         0
         0
         0
         0
         0
         0
         0
  185.6690
  185.6311
  185.5710
  185.4797
  185.3448
  185.1476
  184.8601
  184.4394
  183.8182
  182.8883
  181.4725
  179.2766
  175.8148
  170.3277
  161.8120
  150.2446
  136.2042
  121.4230
  108.4975
   98.7911
   92.1617
   87.8225
   85.0053
   83.1580
   81.9253
   81.0868
   80.5060
   80.0972
   79.8056
   79.5956
   79.4433
   79.3326
   79.2520
   79.1939
   79.1524
   79.1235
   79.1041
   79.0919
   79.0854
   79.0831
   79.0842
   79.0878
   79.0933
   79.1003
   79.1085
   79.1175
   79.1272
   79.1373
   79.1477
   79.1582
   79.1689
   79.1797
   79.1904
   79.2010
   79.2115
   79.2219
   79.2322
   79.2422
   79.2521
   79.2619
   79.2714
   79.2807
   79.2898
   79.2987
   79.3075
   79.3160
   79.3243
   79.3324
   79.3404
   79.3481
   79.3557
   79.3631
   79.3704
   79.3774
   79.3843
   79.3910
   79.3976
   79.4040
   79.4103
   79.4164
   79.4224
   79.4283
   79.4340
   79.4396
   79.4451
   79.4505
   79.4557
   79.4608
   79.4658
   79.4707
   79.4755
   79.4802


int2 =

         0
         0
         0
         0
         0
         0
         0
         0
         0
   48.6740
   49.3497
   50.0582
   50.8035
   51.5903
   52.4239
   53.3108
   54.2582
   55.2745
   56.3686
   57.5490
   58.8211
   60.1807
   61.6005
   63.0054
   64.2336
   65.1400
   65.5750
   65.4853
   64.9597
   64.1550
   63.2132
   62.2291
   61.2558
   60.3194
   59.4305
   58.5918
   57.8019
   57.0580
   56.3564
   55.6934
   55.0654
   54.4693
   53.9021
   53.3612
   52.8443
   52.3492
   51.8741
   51.4174
   50.9777
   50.5536
   50.1439
   49.7477
   49.3639
   48.9917
   48.6304
   48.2793
   47.9377
   47.6050
   47.2807
   46.9644
   46.6555
   46.3537
   46.0586
   45.7699
   45.4872
   45.2102
   44.9387
   44.6723
   44.4110
   44.1543
   43.9022
   43.6544
   43.4107
   43.1710
   42.9351
   42.7029
   42.4741
   42.2488
   42.0267
   41.8077
   41.5917
   41.3787
   41.1684
   40.9609
   40.7559
   40.5535
   40.3535
   40.1559
   39.9606
   39.7675
   39.5765
   39.3876
   39.2008
   39.0159
   38.8329
   38.6517
   38.4724
   38.2948
   38.1189
   37.9446
   37.7720

Situation 4
freq1 =

         0
         0
         0
         0
         0
         0
         0
         0
         0
         0
         0
         0
         0
         0
         0
         0
         0
  148.6711
  148.2635
  147.8729
  147.4987
  147.1405
  146.7978
  146.4701
  146.1568
  145.8576
  145.5718
  145.2990
  145.0387
  144.7903
  144.5536
  144.3278
  144.1127
  143.9078
  143.7126
  143.5268
  143.3498
  143.1815
  143.0213
  142.8689
  142.7239
  142.5861
  142.4551
  142.3306
  142.2123
  142.0999
  141.9932
  141.8918
  141.7956
  141.7043
  141.6177
  141.5355
  141.4576
  141.3837
  141.3137
  141.2474
  141.1846
  141.1251
  141.0688
  141.0156
  140.9653
  140.9177
  140.8728
  140.8304
  140.7904
  140.7527
  140.7171
  140.6837
  140.6522
  140.6226
  140.5948
  140.5687
  140.5443
  140.5215
  140.5001
  140.4801
  140.4616
  140.4443
  140.4282
  140.4133
  140.3996
  140.3869
  140.3752
  140.3646
  140.3548
  140.3460
  140.3380
  140.3308
  140.3243
  140.3187
  140.3137
  140.3094
  140.3057
  140.3026
  140.3001
  140.2982
  140.2968
  140.2959
  140.2955
  140.2956
  140.2961


int1 =

         0
         0
         0
         0
         0
         0
         0
         0
         0
         0
         0
         0
         0
         0
         0
         0
         0
   49.9383
   49.8479
   49.7557
   49.6618
   49.5662
   49.4691
   49.3706
   49.2708
   49.1698
   49.0676
   48.9644
   48.8603
   48.7552
   48.6494
   48.5428
   48.4355
   48.3277
   48.2193
   48.1105
   48.0012
   47.8916
   47.7817
   47.6715
   47.5610
   47.4504
   47.3397
   47.2289
   47.1180
   47.0070
   46.8961
   46.7852
   46.6744
   46.5637
   46.4530
   46.3425
   46.2322
   46.1220
   46.0120
   45.9022
   45.7927
   45.6834
   45.5743
   45.4656
   45.3571
   45.2489
   45.1410
   45.0334
   44.9261
   44.8191
   44.7125
   44.6062
   44.5003
   44.3947
   44.2895
   44.1846
   44.0802
   43.9760
   43.8723
   43.7689
   43.6659
   43.5632
   43.4610
   43.3591
   43.2576
   43.1565
   43.0558
   42.9554
   42.8555
   42.7559
   42.6567
   42.5579
   42.4594
   42.3614
   42.2637
   42.1664
   42.0695
   41.9729
   41.8767
   41.7809
   41.6855
   41.5904
   41.4957
   41.4013
   41.3074


freq2 =

         0
         0
         0
         0
         0
         0
         0
         0
         0
         0
         0
         0
         0
         0
         0
  112.2696
  112.1161
  111.9656
  111.8181
  111.6736
  111.5320
  111.3933
  111.2574
  111.1243
  110.9939
  110.8661
  110.7410
  110.6185
  110.4985
  110.3809
  110.2658
  110.1531
  110.0427
  109.9346
  109.8287
  109.7250
  109.6234
  109.5239
  109.4265
  109.3311
  109.2376
  109.1460
  109.0563
  108.9684
  108.8823
  108.7979
  108.7152
  108.6342
  108.5548
  108.4769
  108.4007
  108.3259
  108.2526
  108.1807
  108.1102
  108.0411
  107.9734
  107.9069
  107.8418
  107.7778
  107.7151
  107.6536
  107.5932
  107.5339
  107.4758
  107.4187
  107.3627
  107.3078
  107.2538
  107.2008
  107.1487
  107.0976
  107.0475
  106.9982
  106.9497
  106.9022
  106.8554
  106.8095
  106.7644
  106.7200
  106.6765
  106.6336
  106.5915
  106.5501
  106.5094
  106.4693
  106.4300
  106.3913
  106.3532
  106.3157
  106.2788
  106.2426
  106.2069
  106.1718
  106.1372
  106.1032
  106.0698
  106.0368
  106.0044
  105.9724
  105.9410


int2 =

         0
         0
         0
         0
         0
         0
         0
         0
         0
         0
         0
         0
         0
         0
         0
   42.6091
   42.5295
   42.4489
   42.3672
   42.2846
   42.2010
   42.1166
   42.0313
   41.9453
   41.8585
   41.7711
   41.6829
   41.5942
   41.5049
   41.4151
   41.3248
   41.2340
   41.1427
   41.0511
   40.9591
   40.8667
   40.7741
   40.6811
   40.5879
   40.4944
   40.4007
   40.3068
   40.2127
   40.1185
   40.0242
   39.9297
   39.8351
   39.7405
   39.6458
   39.5510
   39.4562
   39.3613
   39.2665
   39.1716
   39.0768
   38.9820
   38.8872
   38.7925
   38.6978
   38.6032
   38.5087
   38.4143
   38.3199
   38.2256
   38.1315
   38.0374
   37.9435
   37.8497
   37.7560
   37.6625
   37.5691
   37.4758
   37.3827
   37.2897
   37.1969
   37.1042
   37.0118
   36.9194
   36.8273
   36.7353
   36.6435
   36.5518
   36.4604
   36.3691
   36.2780
   36.1871
   36.0963
   36.0058
   35.9154
   35.8252
   35.7353
   35.6455
   35.5559
   35.4665
   35.3772
   35.2882
   35.1994
   35.1108
   35.0223
   34.9341
   34.8460

>> 